pkg load image

%Deklarimi i imazhit origjinal
BW= [0	0	0	0	0	0	0	0	0	0	0	0	0	0	0	0	0	0	0	0	0;
0	0	0	0	0	0	0	0	0	0	0	0	0	0	0	0	0	0	0	0	0;
0	0	0	0	0	0	0	0	0	0	0	0	0	0	0	0	0	0	0	0	0;
0	0	0	1	1	1	1	1	0	0	0	0	0	1	1	1	1	1	0	0	0;
0	0	0	1	1	1	1	1	0	0	0	0	0	1	1	1	1	1	0	0	0;
0	0	0	1	1	1	1	1	0	0	0	0	0	1	1	1	1	1	0	0	0;
0	0	0	1	1	1	1	1	0	0	0	0	0	1	1	1	1	1	0	0	0;
0	0	0	1	1	1	1	1	0	0	0	0	0	1	1	1	1	1	0	0	0;
0	0	0	1	1	1	1	1	0	0	0	0	0	1	1	1	1	1	0	0	0;
0	0	0	1	1	1	1	1	0	0	0	0	0	1	1	1	1	1	0	0	0;
0	0	0	1	1	1	1	1	0	0	0	0	0	1	1	1	1	1	0	0	0;
0	0	0	1	1	1	1	1	0	0	0	0	0	1	1	1	1	1	0	0	0;
0	0	0	1	1	1	1	1	0	0	0	0	0	1	1	1	1	1	0	0	0;
0	0	0	1	1	1	1	1	1	1	1	1	1	1	1	1	1	1	0	0	0;
0	0	0	1	1	1	1	1	1	1	1	1	1	1	1	1	1	1	0	0	0;
0	0	0	1	1	1	1	1	1	1	1	1	1	1	1	1	1	1	0	0	0;
0	0	0	1	1	1	1	1	1	1	1	1	1	1	1	1	1	1	0	0	0;
0	0	0	1	1	1	1	1	1	1	1	1	1	1	1	1	1	1	0	0	0;
0	0	0	0	0	0	0	0	0	0	0	0	0	0	0	0	0	0	0	0	0;
0	0	0	0	0	0	0	0	0	0	0	0	0	0	0	0	0	0	0	0	0;
0	0	0	0	0	0	0	0	0	0	0	0	0	0	0	0	0	0	0	0	0];


%Deklarimi i elementit strukturor
se = strel('arbitrary',[1	1	1;
1	1	1;
1	1	1;
1	1	1;
1	1	1;
1	1	1;
1	1	1;
1	1	1;
1	1	1;
1	1	1;
1	1	1;
1	1	1;
1	1	1;
1	1	1;
1	1	1;
0	0	0;
0	0	0;
0	0	0;
0	0	0;
0	0	0;
0	0	0;
0	0	0;
0	0	0;
0	0	0;
0	0	0;
0	0	0]);

%Erozioni i elementit strukturor ne imazhin origjinal
BW2=imerode(BW,se);

%Shfaqja e imazheve
imshow(BW,[]),figure,imshow(BW2);


